page        index   level   data    free    records 
3           48      1       8260    7700    590     
4           48      0       7500    8710    85      
5           48      0       15057   1113    171     
6           48      0       15089   1081    169     
7           48      0       15094   1076    170     
8           48      0       15067   1103    170     
9           48      0       15101   1069    170     
10          48      0       15091   1079    170     
11          48      0       15061   1109    168     
12          48      0       15079   1091    170     
13          48      0       15141   1029    170     
14          48      0       15138   1032    171     
15          48      0       15082   1088    170     
16          48      0       15126   1044    170     
17          48      0       15129   1039    172     
18          48      0       15104   1066    170     
19          48      0       15137   1033    169     
20          48      0       15075   1095    168     
21          48      0       15105   1065    170     
22          48      0       15142   1028    170     
23          48      0       15065   1105    169     
24          48      0       15071   1099    169     
25          48      0       15090   1080    169     
26          48      0       15064   1106    168     
27          48      0       15113   1057    169     
28          48      0       15101   1069    171     
29          48      0       15077   1093    168     
30          48      0       15084   1086    171     
31          48      0       15071   1099    169     
32          48      0       15045   1125    169     
33          48      0       15141   1029    170     
34          48      0       15063   1107    170     
35          48      0       15099   1071    170     
36          0       0       0       16384   0       
37          0       0       0       16384   0       
38          0       0       0       16384   0       
39          0       0       0       16384   0       
40          0       0       0       16384   0       
41          0       0       0       16384   0       
42          0       0       0       16384   0       
43          0       0       0       16384   0       
44          0       0       0       16384   0       
45          0       0       0       16384   0       
46          0       0       0       16384   0       
47          0       0       0       16384   0       
48          0       0       0       16384   0       
49          0       0       0       16384   0       
50          0       0       0       16384   0       
51          0       0       0       16384   0       
52          0       0       0       16384   0       
53          0       0       0       16384   0       
54          0       0       0       16384   0       
55          0       0       0       16384   0       
56          0       0       0       16384   0       
57          0       0       0       16384   0       
58          0       0       0       16384   0       
59          0       0       0       16384   0       
60          0       0       0       16384   0       
61          0       0       0       16384   0       
62          0       0       0       16384   0       
63          0       0       0       16384   0       
64          48      0       15115   1055    168     
65          48      0       15121   1049    170     
66          48      0       15105   1065    168     
67          48      0       15097   1073    168     
68          48      0       15060   1110    170     
69          48      0       15077   1093    169     
70          48      0       15106   1064    170     
71          48      0       15117   1051    172     
72          48      0       15082   1088    168     
73          48      0       15121   1049    170     
74          48      0       15115   1055    170     
75          48      0       15109   1061    171     
76          48      0       15140   1030    170     
77          48      0       15062   1108    168     
78          48      0       15121   1049    171     
79          48      0       15087   1083    168     
80          48      0       15134   1036    170     
81          48      0       15091   1079    170     
82          48      0       15134   1036    169     
83          48      0       15104   1066    169     
84          48      0       15117   1053    171     
85          48      0       15110   1058    172     
86          48      0       15129   1041    171     
87          48      0       15074   1096    170     
88          48      0       15085   1085    168     
89          48      0       15071   1099    171     
90          48      0       15104   1066    169     
91          48      0       15120   1050    169     
92          48      0       15138   1032    169     
93          48      0       15092   1078    168     
94          48      0       15069   1101    169     
95          48      0       15089   1081    168     
96          48      0       15111   1059    170     
97          48      0       15123   1047    169     
98          48      0       15112   1058    170     
99          48      0       15129   1041    168     
100         48      0       15070   1100    170     
101         48      0       15067   1103    170     
102         48      0       15127   1043    169     
103         48      0       15095   1073    172     
104         48      0       15103   1067    169     
105         48      0       15110   1060    170     
106         48      0       15110   1060    170     
107         48      0       15106   1064    169     
108         48      0       15123   1047    170     
109         48      0       15088   1082    170     
110         48      0       15101   1069    171     
111         48      0       15087   1083    171     
112         48      0       15055   1115    169     
113         48      0       15054   1116    169     
114         48      0       15096   1074    170     
115         48      0       15124   1046    169     
116         48      0       15113   1057    169     
117         48      0       15069   1101    171     
118         48      0       15075   1095    169     
119         48      0       15073   1097    168     
120         48      0       15090   1080    170     
121         48      0       15060   1110    171     
122         48      0       15103   1067    169     
123         48      0       15129   1041    169     
124         48      0       15076   1094    171     
125         48      0       15085   1085    168     
126         48      0       15128   1042    171     
127         48      0       15118   1052    169     
128         48      0       15105   1065    169     
129         48      0       15098   1072    170     
130         48      0       15088   1082    169     
131         48      0       15078   1090    173     
132         48      0       15071   1099    169     
133         48      0       15094   1076    170     
134         48      0       15080   1090    171     
135         48      0       15085   1085    169     
136         48      0       15104   1066    170     
137         48      0       15105   1065    170     
138         48      0       15123   1047    169     
139         48      0       15063   1107    170     
140         48      0       15133   1037    171     
141         48      0       15098   1072    169     
142         48      0       15051   1119    169     
143         48      0       15108   1062    169     
144         48      0       15116   1054    169     
145         48      0       15112   1058    169     
146         48      0       15060   1112    167     
147         48      0       15131   1039    168     
148         48      0       15105   1065    168     
149         48      0       15117   1053    169     
150         48      0       15099   1071    169     
151         48      0       15079   1091    168     
152         48      0       15116   1054    171     
153         48      0       15141   1029    170     
154         48      0       15083   1087    170     
155         48      0       15139   1031    170     
156         48      0       15101   1069    170     
157         48      0       15048   1122    168     
158         48      0       15070   1100    170     
159         48      0       15106   1062    173     
160         48      0       15136   1034    171     
161         48      0       15092   1078    170     
162         48      0       15133   1037    169     
163         48      0       15086   1084    170     
164         48      0       15089   1081    170     
165         48      0       15093   1077    170     
166         48      0       15071   1099    169     
167         48      0       15100   1070    171     
168         48      0       15091   1079    170     
169         48      0       15134   1036    170     
170         48      0       15122   1048    170     
171         48      0       15090   1080    170     
172         48      0       15132   1038    170     
173         48      0       15097   1073    169     
174         48      0       15085   1085    170     
175         48      0       15131   1039    169     
176         48      0       15085   1087    167     
177         48      0       15068   1102    169     
178         48      0       15120   1050    169     
179         48      0       15084   1086    170     
180         48      0       15069   1101    171     
181         48      0       15108   1062    170     
182         48      0       15129   1041    168     
183         48      0       15086   1084    168     
184         48      0       15109   1061    170     
185         48      0       15119   1051    171     
186         48      0       15098   1070    172     
187         48      0       15053   1115    172     
188         48      0       15102   1068    171     
189         48      0       15077   1093    171     
190         48      0       15109   1061    171     
191         48      0       15140   1030    170     
192         48      0       15100   1070    170     
193         48      0       15116   1054    170     
194         48      0       15086   1084    169     
195         48      0       15118   1052    169     
196         48      0       15056   1114    169     
197         48      0       15131   1039    169     
198         48      0       15077   1093    170     
199         48      0       15115   1055    168     
200         48      0       15090   1080    171     
201         48      0       15066   1104    170     
202         48      0       15107   1063    169     
203         48      0       15106   1064    170     
204         48      0       15091   1079    170     
205         48      0       15066   1104    168     
206         48      0       15087   1083    170     
207         48      0       15142   1028    171     
208         48      0       15105   1065    169     
209         48      0       15105   1065    169     
210         48      0       15078   1092    171     
211         48      0       15128   1042    170     
212         48      0       15078   1094    166     
213         48      0       15091   1079    169     
214         48      0       15116   1054    169     
215         48      0       15109   1061    169     
216         48      0       15103   1067    171     
217         48      0       15114   1056    170     
218         48      0       15122   1048    170     
219         48      0       15077   1095    167     
220         48      0       15092   1078    169     
221         48      0       15087   1083    170     
222         48      0       15070   1100    170     
223         48      0       15098   1072    171     
224         48      0       15065   1105    169     
225         48      0       15122   1048    170     
226         48      0       15098   1072    169     
227         48      0       15050   1122    167     
228         48      0       15045   1125    168     
229         48      0       15098   1072    168     
230         48      0       15115   1055    169     
231         48      0       15125   1045    169     
232         48      0       15071   1099    168     
233         48      0       15134   1036    171     
234         48      0       15140   1030    171     
235         48      0       15090   1080    169     
236         48      0       15113   1057    171     
237         48      0       15119   1051    170     
238         48      0       15139   1031    169     
239         48      0       15089   1081    169     
240         48      0       15079   1091    168     
241         48      0       15077   1093    169     
242         48      0       15116   1054    171     
243         48      0       15070   1102    167     
244         48      0       15111   1059    171     
245         48      0       15121   1049    170     
246         48      0       15060   1110    169     
247         48      0       15132   1038    170     
248         48      0       15061   1109    169     
249         48      0       15136   1034    170     
250         48      0       15082   1088    169     
251         48      0       15101   1069    171     
252         48      0       15063   1107    169     
253         48      0       15118   1052    171     
254         48      0       15081   1089    168     
255         48      0       15098   1072    169     
256         48      0       15113   1057    170     
257         48      0       15073   1097    168     
258         48      0       15073   1097    169     
259         48      0       15064   1106    170     
260         48      0       15134   1036    170     
261         48      0       15132   1038    168     
262         48      0       15080   1090    168     
263         48      0       15089   1081    169     
264         48      0       15092   1078    170     
265         48      0       15141   1029    170     
266         48      0       15135   1035    170     
267         48      0       15089   1079    172     
268         48      0       15070   1100    171     
269         48      0       15080   1090    170     
270         48      0       15081   1089    171     
271         48      0       15102   1068    170     
272         48      0       15077   1093    170     
273         48      0       15075   1095    171     
274         48      0       15085   1085    169     
275         48      0       15124   1046    170     
276         48      0       15097   1073    171     
277         48      0       15113   1057    170     
278         48      0       15052   1118    170     
279         48      0       15088   1082    171     
280         48      0       15069   1101    170     
281         48      0       15057   1113    168     
282         48      0       15062   1108    171     
283         48      0       15069   1103    167     
284         48      0       15056   1114    169     
285         48      0       15068   1102    170     
286         48      0       15119   1051    169     
287         48      0       15119   1053    167     
288         48      0       15108   1062    169     
289         48      0       15120   1050    169     
290         48      0       15128   1042    170     
291         48      0       15080   1090    169     
292         48      0       15094   1076    170     
293         48      0       15080   1090    168     
294         48      0       15128   1042    170     
295         48      0       15090   1078    172     
296         48      0       15125   1045    169     
297         48      0       15099   1071    171     
298         48      0       15142   1028    170     
299         48      0       15085   1085    169     
300         48      0       15107   1063    170     
301         48      0       15081   1089    168     
302         48      0       15070   1100    169     
303         48      0       15085   1085    170     
304         48      0       15075   1093    172     
305         48      0       15110   1060    169     
306         48      0       15083   1087    168     
307         48      0       15077   1093    168     
308         48      0       15089   1081    171     
309         48      0       15088   1082    170     
310         48      0       15063   1109    167     
311         48      0       15086   1084    168     
312         48      0       15108   1062    171     
313         48      0       15139   1031    170     
314         48      0       15061   1107    172     
315         48      0       15106   1064    170     
316         48      0       15073   1095    172     
317         48      0       15112   1058    170     
318         48      0       15138   1030    172     
319         48      0       15062   1108    169     
320         48      0       15109   1061    169     
321         48      0       15091   1079    169     
322         48      0       15110   1060    170     
323         48      0       15097   1073    170     
324         48      0       15084   1086    169     
325         48      0       15073   1095    172     
326         48      0       15101   1067    173     
327         48      0       15111   1059    171     
328         48      0       15067   1103    169     
329         48      0       15121   1049    169     
330         48      0       15075   1095    170     
331         48      0       15113   1057    171     
332         48      0       15129   1041    170     
333         48      0       15081   1089    170     
334         48      0       15119   1051    171     
335         48      0       15140   1030    170     
336         48      0       15142   1028    171     
337         48      0       15119   1049    172     
338         48      0       15109   1061    171     
339         48      0       15073   1095    172     
340         48      0       15102   1068    169     
341         48      0       15073   1097    169     
342         48      0       15076   1094    168     
343         48      0       15056   1114    168     
344         48      0       15056   1114    170     
345         48      0       15048   1122    169     
346         48      0       15136   1034    171     
347         48      0       15111   1059    170     
348         48      0       15057   1113    170     
349         48      0       15059   1111    170     
350         48      0       15089   1081    171     
351         48      0       15102   1068    170     
352         48      0       15066   1104    169     
353         48      0       15080   1090    170     
354         48      0       15096   1074    169     
355         48      0       15134   1036    170     
356         48      0       15076   1094    170     
357         48      0       15116   1052    172     
358         48      0       15124   1046    170     
359         48      0       15075   1097    167     
360         48      0       15064   1106    171     
361         48      0       15080   1090    168     
362         48      0       15118   1052    171     
363         48      0       15065   1105    169     
364         48      0       15136   1034    169     
365         48      0       15108   1062    169     
366         48      0       15136   1034    170     
367         48      0       15099   1071    171     
368         48      0       15140   1028    172     
369         48      0       15063   1107    170     
370         48      0       15122   1048    170     
371         48      0       15142   1028    169     
372         48      0       15076   1094    169     
373         48      0       15066   1104    168     
374         48      0       15111   1059    170     
375         48      0       15063   1107    171     
376         48      0       15095   1075    168     
377         48      0       15091   1079    169     
378         48      0       15128   1040    172     
379         48      0       15092   1076    172     
380         48      0       15054   1116    169     
381         48      0       15080   1090    169     
382         48      0       15082   1088    170     
383         48      0       15102   1068    169     
384         48      0       15086   1084    168     
385         48      0       15079   1091    168     
386         48      0       15085   1085    169     
387         48      0       15130   1040    170     
388         48      0       15071   1099    170     
389         48      0       15090   1080    171     
390         48      0       15118   1052    168     
391         48      0       15114   1056    168     
392         48      0       15128   1042    170     
393         48      0       15096   1074    170     
394         48      0       15107   1063    169     
395         48      0       15086   1084    168     
396         48      0       15095   1075    170     
397         48      0       15069   1101    171     
398         48      0       15125   1045    170     
399         48      0       15075   1095    169     
400         48      0       15121   1049    169     
401         48      0       15089   1081    170     
402         48      0       15069   1101    171     
403         48      0       15076   1094    168     
404         48      0       15088   1082    169     
405         48      0       15107   1061    172     
406         48      0       15054   1116    170     
407         48      0       15067   1103    169     
408         48      0       15057   1113    169     
409         48      0       15114   1056    169     
410         48      0       15135   1035    171     
411         48      0       15054   1116    168     
412         48      0       15137   1033    169     
413         48      0       15140   1030    169     
414         48      0       15053   1117    170     
415         48      0       15097   1073    169     
416         48      0       15067   1103    171     
417         48      0       15134   1036    171     
418         48      0       15120   1050    170     
419         48      0       15097   1073    170     
420         48      0       15085   1085    171     
421         48      0       15132   1038    168     
422         48      0       15108   1062    170     
423         48      0       15128   1042    170     
424         48      0       15106   1064    169     
425         48      0       15142   1028    171     
426         48      0       15064   1106    169     
427         48      0       15103   1067    170     
428         48      0       15048   1122    170     
429         48      0       15141   1029    169     
430         48      0       15093   1077    170     
431         48      0       15120   1050    171     
432         48      0       15104   1066    170     
433         48      0       15064   1106    169     
434         48      0       15125   1045    170     
435         48      0       15111   1059    171     
436         48      0       15071   1099    168     
437         48      0       15143   1027    168     
438         48      0       15086   1084    169     
439         48      0       15102   1068    170     
440         48      0       15080   1090    170     
441         48      0       15109   1061    169     
442         48      0       15069   1101    170     
443         48      0       15094   1076    168     
444         48      0       15094   1076    170     
445         48      0       15096   1074    168     
446         48      0       15121   1049    169     
447         48      0       15135   1035    171     
448         48      0       15103   1067    171     
449         48      0       15060   1110    169     
450         48      0       15064   1106    170     
451         48      0       15083   1087    170     
452         48      0       15109   1061    169     
453         48      0       15064   1106    169     
454         48      0       15142   1030    167     
455         48      0       15093   1077    169     
456         48      0       15070   1100    171     
457         48      0       15043   1127    170     
458         48      0       15143   1027    170     
459         48      0       15127   1043    171     
460         48      0       15076   1094    168     
461         48      0       15114   1056    169     
462         48      0       15090   1080    170     
463         48      0       15093   1077    170     
464         48      0       15121   1049    171     
465         48      0       15119   1051    171     
466         48      0       15125   1043    173     
467         48      0       15062   1108    171     
468         48      0       15136   1034    169     
469         48      0       15054   1116    170     
470         48      0       15064   1108    167     
471         48      0       15107   1063    169     
472         48      0       15077   1093    171     
473         48      0       15065   1103    172     
474         48      0       15094   1076    169     
475         48      0       15135   1035    170     
476         48      0       15104   1066    171     
477         48      0       15074   1096    171     
478         48      0       15119   1051    171     
479         48      0       15070   1100    169     
480         48      0       15136   1034    170     
481         48      0       15078   1092    170     
482         48      0       15099   1069    172     
483         48      0       15047   1123    170     
484         48      0       15101   1069    170     
485         48      0       15064   1106    170     
486         48      0       15120   1048    172     
487         48      0       15089   1081    171     
488         48      0       15116   1054    171     
489         48      0       15075   1095    170     
490         48      0       15137   1033    169     
491         48      0       15131   1039    169     
492         48      0       15119   1051    169     
493         48      0       15057   1111    172     
494         48      0       15078   1092    170     
495         48      0       15113   1057    168     
496         48      0       15125   1045    170     
497         48      0       15109   1061    169     
498         48      0       15104   1066    169     
499         48      0       15085   1087    167     
500         48      0       15087   1083    170     
501         48      0       15113   1057    171     
502         48      0       15077   1093    169     
503         48      0       15106   1064    170     
504         48      0       15110   1060    171     
505         48      0       15132   1036    172     
506         48      0       15130   1040    169     
507         48      0       15129   1039    172     
508         48      0       15081   1089    170     
509         48      0       15091   1079    170     
510         48      0       15086   1084    168     
511         48      0       15107   1063    170     
512         48      0       15075   1095    169     
513         48      0       15127   1043    171     
514         48      0       15095   1075    170     
515         48      0       15127   1043    171     
516         48      0       15141   1029    170     
517         48      0       15054   1116    168     
518         48      0       15048   1122    170     
519         48      0       15098   1072    170     
520         48      0       15130   1040    170     
521         48      0       15095   1075    170     
522         48      0       15115   1055    170     
523         48      0       15070   1102    167     
524         48      0       15124   1046    171     
525         48      0       15127   1043    170     
526         48      0       15067   1103    168     
527         48      0       15116   1054    169     
528         48      0       15108   1062    169     
529         48      0       15062   1108    170     
530         48      0       15125   1045    169     
531         48      0       15109   1061    170     
532         48      0       15067   1103    170     
533         48      0       15083   1087    169     
534         48      0       15100   1070    170     
535         48      0       15129   1041    171     
536         48      0       15123   1047    168     
537         48      0       15116   1052    172     
538         48      0       15101   1069    170     
539         48      0       15074   1096    170     
540         48      0       15097   1073    171     
541         48      0       15110   1060    169     
542         48      0       15105   1065    170     
543         48      0       15119   1051    169     
544         48      0       15124   1044    172     
545         48      0       15060   1110    169     
546         48      0       15058   1112    168     
547         48      0       15081   1089    171     
548         48      0       15106   1066    167     
549         48      0       15112   1058    171     
550         48      0       15098   1072    169     
551         48      0       15109   1061    171     
552         48      0       15136   1034    169     
553         48      0       15072   1098    171     
554         48      0       15071   1099    168     
555         48      0       15065   1105    171     
556         48      0       15127   1043    170     
557         48      0       15089   1081    169     
558         48      0       15086   1084    170     
559         48      0       15112   1056    172     
560         48      0       15055   1115    170     
561         48      0       15136   1034    168     
562         48      0       15088   1082    168     
563         48      0       15106   1064    169     
564         48      0       15101   1069    168     
565         48      0       15078   1092    169     
566         48      0       15132   1038    169     
567         48      0       15084   1086    170     
568         48      0       15103   1067    169     
569         48      0       15142   1028    170     
570         48      0       15128   1042    168     
571         48      0       15084   1086    171     
572         48      0       15141   1029    170     
573         48      0       15131   1037    172     
574         48      0       15136   1034    169     
575         48      0       15093   1077    169     
576         48      0       15093   1077    169     
577         48      0       15085   1085    170     
578         48      0       15100   1070    169     
579         48      0       15109   1061    170     
580         48      0       15118   1052    170     
581         48      0       15092   1078    169     
582         48      0       15102   1068    171     
583         48      0       15088   1082    169     
584         48      0       15083   1087    171     
585         48      0       15050   1120    170     
586         48      0       15076   1094    169     
587         48      0       15057   1113    169     
588         48      0       15129   1041    170     
589         48      0       15134   1036    170     
590         48      0       15048   1124    167     
591         48      0       15137   1031    172     
592         48      0       15085   1085    168     
593         48      0       15132   1038    170     
594         48      0       15072   1098    168     
595         48      0       15084   1084    172     
596         48      0       15121   1049    168     
597         48      0       15108   1062    171     
598         48      0       15136   1034    171     
599         48      0       15071   1099    169     
600         48      0       15108   1064    167     
601         48      0       15121   1049    170     
602         48      0       15075   1095    170     
603         48      0       15141   1027    172     
604         48      0       15140   1030    168     
605         48      0       15125   1045    170     
606         48      0       15110   1060    171     
607         48      0       15070   1100    170     
608         48      0       15048   1122    168     
609         48      0       15109   1061    170     
610         48      0       15072   1098    168     
611         48      0       15136   1034    169     
612         48      0       15134   1036    171     
613         48      0       15098   1072    170     
614         48      0       15126   1044    171     
615         48      0       15130   1040    170     
616         48      0       15083   1087    169     
617         48      0       15063   1107    169     
618         48      0       15060   1110    170     
619         48      0       15140   1030    168     
620         48      0       15084   1086    170     
621         48      0       12358   3828    139     
622         0       0       0       16384   0       
623         0       0       0       16384   0       
624         0       0       0       16384   0       
625         0       0       0       16384   0       
626         0       0       0       16384   0       
627         0       0       0       16384   0       
628         0       0       0       16384   0       
629         0       0       0       16384   0       
630         0       0       0       16384   0       
631         0       0       0       16384   0       
632         0       0       0       16384   0       
633         0       0       0       16384   0       
634         0       0       0       16384   0       
635         0       0       0       16384   0       
636         0       0       0       16384   0       
637         0       0       0       16384   0       
638         0       0       0       16384   0       
639         0       0       0       16384   0       
640         0       0       0       16384   0       
641         0       0       0       16384   0       
642         0       0       0       16384   0       
643         0       0       0       16384   0       
644         0       0       0       16384   0       
645         0       0       0       16384   0       
646         0       0       0       16384   0       
647         0       0       0       16384   0       
648         0       0       0       16384   0       
649         0       0       0       16384   0       
650         0       0       0       16384   0       
651         0       0       0       16384   0       
652         0       0       0       16384   0       
653         0       0       0       16384   0       
654         0       0       0       16384   0       
655         0       0       0       16384   0       
656         0       0       0       16384   0       
657         0       0       0       16384   0       
658         0       0       0       16384   0       
659         0       0       0       16384   0       
660         0       0       0       16384   0       
661         0       0       0       16384   0       
662         0       0       0       16384   0       
663         0       0       0       16384   0       
664         0       0       0       16384   0       
665         0       0       0       16384   0       
666         0       0       0       16384   0       
667         0       0       0       16384   0       
668         0       0       0       16384   0       
669         0       0       0       16384   0       
670         0       0       0       16384   0       
671         0       0       0       16384   0       
672         0       0       0       16384   0       
673         0       0       0       16384   0       
674         0       0       0       16384   0       
675         0       0       0       16384   0       
676         0       0       0       16384   0       
677         0       0       0       16384   0       
678         0       0       0       16384   0       
679         0       0       0       16384   0       
680         0       0       0       16384   0       
681         0       0       0       16384   0       
682         0       0       0       16384   0       
683         0       0       0       16384   0       
684         0       0       0       16384   0       
685         0       0       0       16384   0       
686         0       0       0       16384   0       
687         0       0       0       16384   0       
688         0       0       0       16384   0       
689         0       0       0       16384   0       
690         0       0       0       16384   0       
691         0       0       0       16384   0       
692         0       0       0       16384   0       
693         0       0       0       16384   0       
694         0       0       0       16384   0       
695         0       0       0       16384   0       
696         0       0       0       16384   0       
697         0       0       0       16384   0       
698         0       0       0       16384   0       
699         0       0       0       16384   0       
700         0       0       0       16384   0       
701         0       0       0       16384   0       
702         0       0       0       16384   0       
703         0       0       0       16384   0       
704         0       0       0       16384   0       
705         0       0       0       16384   0       
706         0       0       0       16384   0       
707         0       0       0       16384   0       
708         0       0       0       16384   0       
709         0       0       0       16384   0       
710         0       0       0       16384   0       
711         0       0       0       16384   0       
712         0       0       0       16384   0       
713         0       0       0       16384   0       
714         0       0       0       16384   0       
715         0       0       0       16384   0       
716         0       0       0       16384   0       
717         0       0       0       16384   0       
718         0       0       0       16384   0       
719         0       0       0       16384   0       
720         0       0       0       16384   0       
721         0       0       0       16384   0       
722         0       0       0       16384   0       
723         0       0       0       16384   0       
724         0       0       0       16384   0       
725         0       0       0       16384   0       
726         0       0       0       16384   0       
727         0       0       0       16384   0       
728         0       0       0       16384   0       
729         0       0       0       16384   0       
730         0       0       0       16384   0       
731         0       0       0       16384   0       
732         0       0       0       16384   0       
733         0       0       0       16384   0       
734         0       0       0       16384   0       
735         0       0       0       16384   0       
736         0       0       0       16384   0       
737         0       0       0       16384   0       
738         0       0       0       16384   0       
739         0       0       0       16384   0       
740         0       0       0       16384   0       
741         0       0       0       16384   0       
742         0       0       0       16384   0       
743         0       0       0       16384   0       
744         0       0       0       16384   0       
745         0       0       0       16384   0       
746         0       0       0       16384   0       
747         0       0       0       16384   0       
748         0       0       0       16384   0       
749         0       0       0       16384   0       
750         0       0       0       16384   0       
751         0       0       0       16384   0       
752         0       0       0       16384   0       
753         0       0       0       16384   0       
754         0       0       0       16384   0       
755         0       0       0       16384   0       
756         0       0       0       16384   0       
757         0       0       0       16384   0       
758         0       0       0       16384   0       
759         0       0       0       16384   0       
760         0       0       0       16384   0       
761         0       0       0       16384   0       
762         0       0       0       16384   0       
763         0       0       0       16384   0       
764         0       0       0       16384   0       
765         0       0       0       16384   0       
766         0       0       0       16384   0       
767         0       0       0       16384   0       
768         0       0       0       16384   0       
769         0       0       0       16384   0       
770         0       0       0       16384   0       
771         0       0       0       16384   0       
772         0       0       0       16384   0       
773         0       0       0       16384   0       
774         0       0       0       16384   0       
775         0       0       0       16384   0       
776         0       0       0       16384   0       
777         0       0       0       16384   0       
778         0       0       0       16384   0       
779         0       0       0       16384   0       
780         0       0       0       16384   0       
781         0       0       0       16384   0       
782         0       0       0       16384   0       
783         0       0       0       16384   0       
784         0       0       0       16384   0       
785         0       0       0       16384   0       
786         0       0       0       16384   0       
787         0       0       0       16384   0       
788         0       0       0       16384   0       
789         0       0       0       16384   0       
790         0       0       0       16384   0       
791         0       0       0       16384   0       
792         0       0       0       16384   0       
793         0       0       0       16384   0       
794         0       0       0       16384   0       
795         0       0       0       16384   0       
796         0       0       0       16384   0       
797         0       0       0       16384   0       
798         0       0       0       16384   0       
799         0       0       0       16384   0       
800         0       0       0       16384   0       
801         0       0       0       16384   0       
802         0       0       0       16384   0       
803         0       0       0       16384   0       
804         0       0       0       16384   0       
805         0       0       0       16384   0       
806         0       0       0       16384   0       
807         0       0       0       16384   0       
808         0       0       0       16384   0       
809         0       0       0       16384   0       
810         0       0       0       16384   0       
811         0       0       0       16384   0       
812         0       0       0       16384   0       
813         0       0       0       16384   0       
814         0       0       0       16384   0       
815         0       0       0       16384   0       
816         0       0       0       16384   0       
817         0       0       0       16384   0       
818         0       0       0       16384   0       
819         0       0       0       16384   0       
820         0       0       0       16384   0       
821         0       0       0       16384   0       
822         0       0       0       16384   0       
823         0       0       0       16384   0       
824         0       0       0       16384   0       
825         0       0       0       16384   0       
826         0       0       0       16384   0       
827         0       0       0       16384   0       
828         0       0       0       16384   0       
829         0       0       0       16384   0       
830         0       0       0       16384   0       
831         0       0       0       16384   0       
832         0       0       0       16384   0       
833         0       0       0       16384   0       
834         0       0       0       16384   0       
835         0       0       0       16384   0       
836         0       0       0       16384   0       
837         0       0       0       16384   0       
838         0       0       0       16384   0       
839         0       0       0       16384   0       
840         0       0       0       16384   0       
841         0       0       0       16384   0       
842         0       0       0       16384   0       
843         0       0       0       16384   0       
844         0       0       0       16384   0       
845         0       0       0       16384   0       
846         0       0       0       16384   0       
847         0       0       0       16384   0       
848         0       0       0       16384   0       
849         0       0       0       16384   0       
850         0       0       0       16384   0       
851         0       0       0       16384   0       
852         0       0       0       16384   0       
853         0       0       0       16384   0       
854         0       0       0       16384   0       
855         0       0       0       16384   0       
856         0       0       0       16384   0       
857         0       0       0       16384   0       
858         0       0       0       16384   0       
859         0       0       0       16384   0       
860         0       0       0       16384   0       
861         0       0       0       16384   0       
862         0       0       0       16384   0       
863         0       0       0       16384   0       
864         0       0       0       16384   0       
865         0       0       0       16384   0       
866         0       0       0       16384   0       
867         0       0       0       16384   0       
868         0       0       0       16384   0       
869         0       0       0       16384   0       
870         0       0       0       16384   0       
871         0       0       0       16384   0       
872         0       0       0       16384   0       
873         0       0       0       16384   0       
874         0       0       0       16384   0       
875         0       0       0       16384   0       
876         0       0       0       16384   0       
877         0       0       0       16384   0       
878         0       0       0       16384   0       
879         0       0       0       16384   0       
880         0       0       0       16384   0       
881         0       0       0       16384   0       
882         0       0       0       16384   0       
883         0       0       0       16384   0       
884         0       0       0       16384   0       
885         0       0       0       16384   0       
886         0       0       0       16384   0       
887         0       0       0       16384   0       
888         0       0       0       16384   0       
889         0       0       0       16384   0       
890         0       0       0       16384   0       
891         0       0       0       16384   0       
892         0       0       0       16384   0       
893         0       0       0       16384   0       
894         0       0       0       16384   0       
895         0       0       0       16384   0       
896         0       0       0       16384   0       
897         0       0       0       16384   0       
898         0       0       0       16384   0       
899         0       0       0       16384   0       
900         0       0       0       16384   0       
901         0       0       0       16384   0       
902         0       0       0       16384   0       
903         0       0       0       16384   0       
904         0       0       0       16384   0       
905         0       0       0       16384   0       
906         0       0       0       16384   0       
907         0       0       0       16384   0       
908         0       0       0       16384   0       
909         0       0       0       16384   0       
910         0       0       0       16384   0       
911         0       0       0       16384   0       
912         0       0       0       16384   0       
913         0       0       0       16384   0       
914         0       0       0       16384   0       
915         0       0       0       16384   0       
916         0       0       0       16384   0       
917         0       0       0       16384   0       
918         0       0       0       16384   0       
919         0       0       0       16384   0       
920         0       0       0       16384   0       
921         0       0       0       16384   0       
922         0       0       0       16384   0       
923         0       0       0       16384   0       
924         0       0       0       16384   0       
925         0       0       0       16384   0       
926         0       0       0       16384   0       
927         0       0       0       16384   0       
928         0       0       0       16384   0       
929         0       0       0       16384   0       
930         0       0       0       16384   0       
931         0       0       0       16384   0       
932         0       0       0       16384   0       
933         0       0       0       16384   0       
934         0       0       0       16384   0       
935         0       0       0       16384   0       
936         0       0       0       16384   0       
937         0       0       0       16384   0       
938         0       0       0       16384   0       
939         0       0       0       16384   0       
940         0       0       0       16384   0       
941         0       0       0       16384   0       
942         0       0       0       16384   0       
943         0       0       0       16384   0       
944         0       0       0       16384   0       
945         0       0       0       16384   0       
946         0       0       0       16384   0       
947         0       0       0       16384   0       
948         0       0       0       16384   0       
949         0       0       0       16384   0       
950         0       0       0       16384   0       
951         0       0       0       16384   0       
952         0       0       0       16384   0       
953         0       0       0       16384   0       
954         0       0       0       16384   0       
955         0       0       0       16384   0       
956         0       0       0       16384   0       
957         0       0       0       16384   0       
958         0       0       0       16384   0       
959         0       0       0       16384   0       
960         0       0       0       16384   0       
961         0       0       0       16384   0       
962         0       0       0       16384   0       
963         0       0       0       16384   0       
964         0       0       0       16384   0       
965         0       0       0       16384   0       
966         0       0       0       16384   0       
967         0       0       0       16384   0       
968         0       0       0       16384   0       
969         0       0       0       16384   0       
970         0       0       0       16384   0       
971         0       0       0       16384   0       
972         0       0       0       16384   0       
973         0       0       0       16384   0       
974         0       0       0       16384   0       
975         0       0       0       16384   0       
976         0       0       0       16384   0       
977         0       0       0       16384   0       
978         0       0       0       16384   0       
979         0       0       0       16384   0       
980         0       0       0       16384   0       
981         0       0       0       16384   0       
982         0       0       0       16384   0       
983         0       0       0       16384   0       
984         0       0       0       16384   0       
985         0       0       0       16384   0       
986         0       0       0       16384   0       
987         0       0       0       16384   0       
988         0       0       0       16384   0       
989         0       0       0       16384   0       
990         0       0       0       16384   0       
991         0       0       0       16384   0       
992         0       0       0       16384   0       
993         0       0       0       16384   0       
994         0       0       0       16384   0       
995         0       0       0       16384   0       
996         0       0       0       16384   0       
997         0       0       0       16384   0       
998         0       0       0       16384   0       
999         0       0       0       16384   0       
1000        0       0       0       16384   0       
1001        0       0       0       16384   0       
1002        0       0       0       16384   0       
1003        0       0       0       16384   0       
1004        0       0       0       16384   0       
1005        0       0       0       16384   0       
1006        0       0       0       16384   0       
1007        0       0       0       16384   0       
1008        0       0       0       16384   0       
1009        0       0       0       16384   0       
1010        0       0       0       16384   0       
1011        0       0       0       16384   0       
1012        0       0       0       16384   0       
1013        0       0       0       16384   0       
1014        0       0       0       16384   0       
1015        0       0       0       16384   0       
1016        0       0       0       16384   0       
1017        0       0       0       16384   0       
1018        0       0       0       16384   0       
1019        0       0       0       16384   0       
1020        0       0       0       16384   0       
1021        0       0       0       16384   0       
1022        0       0       0       16384   0       
1023        0       0       0       16384   0       
1024        0       0       0       16384   0       
1025        0       0       0       16384   0       
1026        0       0       0       16384   0       
1027        0       0       0       16384   0       
1028        0       0       0       16384   0       
1029        0       0       0       16384   0       
1030        0       0       0       16384   0       
1031        0       0       0       16384   0       
1032        0       0       0       16384   0       
1033        0       0       0       16384   0       
1034        0       0       0       16384   0       
1035        0       0       0       16384   0       
1036        0       0       0       16384   0       
1037        0       0       0       16384   0       
1038        0       0       0       16384   0       
1039        0       0       0       16384   0       
1040        0       0       0       16384   0       
1041        0       0       0       16384   0       
1042        0       0       0       16384   0       
1043        0       0       0       16384   0       
1044        0       0       0       16384   0       
1045        0       0       0       16384   0       
1046        0       0       0       16384   0       
1047        0       0       0       16384   0       
1048        0       0       0       16384   0       
1049        0       0       0       16384   0       
1050        0       0       0       16384   0       
1051        0       0       0       16384   0       
1052        0       0       0       16384   0       
1053        0       0       0       16384   0       
1054        0       0       0       16384   0       
1055        0       0       0       16384   0       
1056        0       0       0       16384   0       
1057        0       0       0       16384   0       
1058        0       0       0       16384   0       
1059        0       0       0       16384   0       
1060        0       0       0       16384   0       
1061        0       0       0       16384   0       
1062        0       0       0       16384   0       
1063        0       0       0       16384   0       
1064        0       0       0       16384   0       
1065        0       0       0       16384   0       
1066        0       0       0       16384   0       
1067        0       0       0       16384   0       
1068        0       0       0       16384   0       
1069        0       0       0       16384   0       
1070        0       0       0       16384   0       
1071        0       0       0       16384   0       
1072        0       0       0       16384   0       
1073        0       0       0       16384   0       
1074        0       0       0       16384   0       
1075        0       0       0       16384   0       
1076        0       0       0       16384   0       
1077        0       0       0       16384   0       
1078        0       0       0       16384   0       
1079        0       0       0       16384   0       
1080        0       0       0       16384   0       
1081        0       0       0       16384   0       
1082        0       0       0       16384   0       
1083        0       0       0       16384   0       
1084        0       0       0       16384   0       
1085        0       0       0       16384   0       
1086        0       0       0       16384   0       
1087        0       0       0       16384   0       
