page        index   level   data    free    records 
3           48      1       8274    7686    591     
4           48      0       7596    8614    85      
5           48      0       15110   1060    170     
6           48      0       15086   1084    168     
7           48      0       15077   1093    170     
8           48      0       15109   1061    168     
9           48      0       15058   1112    168     
10          48      0       15075   1095    169     
11          48      0       15055   1115    169     
12          48      0       15114   1056    170     
13          48      0       15129   1041    168     
14          48      0       15057   1113    168     
15          48      0       15122   1048    169     
16          48      0       15060   1110    169     
17          48      0       15073   1097    171     
18          48      0       15134   1036    170     
19          48      0       15095   1075    170     
20          48      0       15069   1101    169     
21          48      0       15081   1089    171     
22          48      0       15135   1035    171     
23          48      0       15108   1062    170     
24          48      0       15100   1072    167     
25          48      0       15122   1048    169     
26          48      0       15121   1049    168     
27          48      0       15106   1064    169     
28          48      0       15061   1109    170     
29          48      0       15144   1028    167     
30          48      0       15106   1064    169     
31          48      0       15123   1047    170     
32          48      0       15054   1116    169     
33          48      0       15138   1032    170     
34          48      0       15137   1033    170     
35          48      0       15074   1096    169     
36          0       0       0       16384   0       
37          0       0       0       16384   0       
38          0       0       0       16384   0       
39          0       0       0       16384   0       
40          0       0       0       16384   0       
41          0       0       0       16384   0       
42          0       0       0       16384   0       
43          0       0       0       16384   0       
44          0       0       0       16384   0       
45          0       0       0       16384   0       
46          0       0       0       16384   0       
47          0       0       0       16384   0       
48          0       0       0       16384   0       
49          0       0       0       16384   0       
50          0       0       0       16384   0       
51          0       0       0       16384   0       
52          0       0       0       16384   0       
53          0       0       0       16384   0       
54          0       0       0       16384   0       
55          0       0       0       16384   0       
56          0       0       0       16384   0       
57          0       0       0       16384   0       
58          0       0       0       16384   0       
59          0       0       0       16384   0       
60          0       0       0       16384   0       
61          0       0       0       16384   0       
62          0       0       0       16384   0       
63          0       0       0       16384   0       
64          48      0       15075   1095    168     
65          48      0       15062   1106    172     
66          48      0       15047   1123    168     
67          48      0       15116   1054    168     
68          48      0       15136   1032    172     
69          48      0       15066   1104    168     
70          48      0       15066   1104    171     
71          48      0       15123   1047    170     
72          48      0       15074   1096    169     
73          48      0       15077   1093    168     
74          48      0       15072   1098    170     
75          48      0       15130   1040    170     
76          48      0       15121   1049    169     
77          48      0       15116   1052    173     
78          48      0       15081   1089    170     
79          48      0       15061   1109    168     
80          48      0       15087   1083    169     
81          48      0       15117   1053    169     
82          48      0       15136   1034    168     
83          48      0       15079   1091    170     
84          48      0       15095   1075    171     
85          48      0       15138   1032    169     
86          48      0       15116   1054    171     
87          48      0       15108   1060    172     
88          48      0       15075   1095    169     
89          48      0       15106   1064    170     
90          48      0       15078   1092    169     
91          48      0       15081   1089    170     
92          48      0       15090   1080    169     
93          48      0       15103   1067    170     
94          48      0       15102   1068    168     
95          48      0       15123   1047    168     
96          48      0       15114   1056    169     
97          48      0       15089   1083    167     
98          48      0       15138   1032    171     
99          48      0       15102   1068    170     
100         48      0       15129   1041    171     
101         48      0       15128   1042    170     
102         48      0       15137   1033    169     
103         48      0       15071   1099    170     
104         48      0       15072   1098    168     
105         48      0       15071   1099    168     
106         48      0       15112   1058    171     
107         48      0       15129   1041    169     
108         48      0       15129   1041    170     
109         48      0       15091   1081    167     
110         48      0       15122   1048    170     
111         48      0       15133   1037    170     
112         48      0       15100   1070    169     
113         48      0       15137   1033    170     
114         48      0       15126   1044    169     
115         48      0       15099   1071    169     
116         48      0       15095   1075    169     
117         48      0       15093   1077    168     
118         48      0       15073   1097    168     
119         48      0       15050   1120    170     
120         48      0       15104   1066    171     
121         48      0       15082   1088    169     
122         48      0       15069   1101    169     
123         48      0       15127   1043    169     
124         48      0       15064   1108    167     
125         48      0       15074   1096    171     
126         48      0       15054   1116    170     
127         48      0       15103   1067    170     
128         48      0       15114   1056    170     
129         48      0       15051   1119    169     
130         48      0       15070   1100    169     
131         48      0       15091   1079    169     
132         48      0       15096   1074    171     
133         48      0       15123   1047    170     
134         48      0       15073   1097    169     
135         48      0       15076   1094    170     
136         48      0       15136   1034    169     
137         48      0       15085   1085    169     
138         48      0       15127   1043    171     
139         48      0       15113   1057    169     
140         48      0       15086   1084    170     
141         48      0       15090   1082    167     
142         48      0       15119   1051    170     
143         48      0       15129   1041    168     
144         48      0       15103   1065    172     
145         48      0       15103   1067    169     
146         48      0       15143   1027    170     
147         48      0       15093   1077    169     
148         48      0       15138   1030    172     
149         48      0       15099   1071    171     
150         48      0       15061   1109    170     
151         48      0       15126   1044    170     
152         48      0       15062   1110    167     
153         48      0       15134   1036    169     
154         48      0       15137   1033    169     
155         48      0       15081   1089    170     
156         48      0       15142   1028    169     
157         48      0       15052   1118    170     
158         48      0       15075   1097    167     
159         48      0       15048   1124    167     
160         48      0       15107   1063    170     
161         48      0       15067   1103    169     
162         48      0       15124   1046    171     
163         48      0       15112   1058    169     
164         48      0       15075   1095    169     
165         48      0       15084   1086    169     
166         48      0       15105   1065    170     
167         48      0       15133   1037    170     
168         48      0       15094   1076    169     
169         48      0       15062   1108    170     
170         48      0       15127   1041    172     
171         48      0       15063   1107    169     
172         48      0       15083   1087    171     
173         48      0       15075   1093    173     
174         48      0       15140   1030    170     
175         48      0       15078   1092    170     
176         48      0       15068   1102    168     
177         48      0       15072   1098    170     
178         48      0       15109   1061    168     
179         48      0       15073   1097    168     
180         48      0       15124   1046    171     
181         48      0       15094   1078    167     
182         48      0       15093   1077    170     
183         48      0       15140   1030    169     
184         48      0       15108   1062    169     
185         48      0       15134   1036    171     
186         48      0       15119   1051    169     
187         48      0       15125   1045    170     
188         48      0       15072   1098    171     
189         48      0       15094   1076    168     
190         48      0       15132   1038    169     
191         48      0       15079   1091    171     
192         48      0       15050   1120    170     
193         48      0       15092   1078    170     
194         48      0       15048   1122    169     
195         48      0       15100   1070    170     
196         48      0       15069   1101    169     
197         48      0       15100   1070    169     
198         48      0       15106   1064    169     
199         48      0       15073   1097    169     
200         48      0       15099   1071    171     
201         48      0       15098   1072    170     
202         48      0       15142   1026    172     
203         48      0       15090   1080    170     
204         48      0       15076   1094    169     
205         48      0       15080   1090    171     
206         48      0       15076   1094    170     
207         48      0       15082   1088    171     
208         48      0       15105   1065    170     
209         48      0       15134   1036    169     
210         48      0       15082   1088    168     
211         48      0       15112   1058    171     
212         48      0       15108   1062    170     
213         48      0       15104   1066    170     
214         48      0       15072   1098    170     
215         48      0       15070   1102    167     
216         48      0       15096   1072    172     
217         48      0       15143   1027    169     
218         48      0       15062   1108    168     
219         48      0       15056   1114    171     
220         48      0       15052   1118    171     
221         48      0       15082   1086    172     
222         48      0       15135   1035    170     
223         48      0       15127   1043    169     
224         48      0       15072   1098    170     
225         48      0       15126   1044    169     
226         48      0       15100   1070    170     
227         48      0       15051   1119    168     
228         48      0       15095   1075    170     
229         48      0       15058   1112    168     
230         48      0       15127   1043    169     
231         48      0       15108   1062    170     
232         48      0       15120   1050    169     
233         48      0       15107   1063    171     
234         48      0       15123   1045    173     
235         48      0       15140   1030    171     
236         48      0       15126   1044    171     
237         48      0       15136   1032    172     
238         48      0       15096   1074    170     
239         48      0       15110   1060    168     
240         48      0       15074   1096    169     
241         48      0       15129   1039    172     
242         48      0       15105   1065    171     
243         48      0       15114   1056    170     
244         48      0       15078   1092    169     
245         48      0       15138   1032    171     
246         48      0       15108   1062    169     
247         48      0       15059   1111    168     
248         48      0       15062   1108    169     
249         48      0       15076   1092    172     
250         48      0       15078   1092    168     
251         48      0       15074   1096    169     
252         48      0       15074   1096    170     
253         48      0       15130   1040    169     
254         48      0       15102   1068    171     
255         48      0       15136   1034    169     
256         48      0       15096   1074    170     
257         48      0       15106   1066    167     
258         48      0       15141   1029    170     
259         48      0       15093   1075    172     
260         48      0       15103   1067    168     
261         48      0       15097   1073    169     
262         48      0       15114   1056    170     
263         48      0       15143   1027    170     
264         48      0       15103   1067    171     
265         48      0       15062   1106    172     
266         48      0       15104   1066    171     
267         48      0       15098   1072    169     
268         48      0       15078   1092    170     
269         48      0       15116   1054    171     
270         48      0       15076   1094    169     
271         48      0       15059   1111    169     
272         48      0       15088   1082    169     
273         48      0       15124   1046    169     
274         48      0       15092   1078    170     
275         48      0       15135   1035    171     
276         48      0       15138   1032    168     
277         48      0       15143   1027    170     
278         48      0       15137   1033    169     
279         48      0       15114   1056    168     
280         48      0       15143   1027    169     
281         48      0       15085   1085    169     
282         48      0       15127   1043    170     
283         48      0       15050   1120    169     
284         48      0       15100   1070    169     
285         48      0       15134   1036    169     
286         48      0       15104   1064    172     
287         48      0       15121   1047    172     
288         48      0       15096   1074    169     
289         48      0       15094   1076    170     
290         48      0       15133   1037    169     
291         48      0       15143   1027    169     
292         48      0       15074   1098    167     
293         48      0       15078   1092    168     
294         48      0       15130   1040    169     
295         48      0       15141   1027    172     
296         48      0       15104   1066    168     
297         48      0       15059   1111    170     
298         48      0       15085   1085    169     
299         48      0       15114   1056    170     
300         48      0       15125   1045    170     
301         48      0       15105   1067    167     
302         48      0       15073   1097    171     
303         48      0       15098   1072    169     
304         48      0       15059   1111    169     
305         48      0       15087   1083    169     
306         48      0       15089   1081    170     
307         48      0       15075   1095    170     
308         48      0       15062   1108    168     
309         48      0       15087   1083    169     
310         48      0       15126   1044    170     
311         48      0       15128   1042    169     
312         48      0       15072   1096    172     
313         48      0       15116   1054    170     
314         48      0       15072   1098    169     
315         48      0       15085   1083    172     
316         48      0       15061   1109    170     
317         48      0       15068   1104    167     
318         48      0       15115   1055    169     
319         48      0       15050   1120    169     
320         48      0       15134   1036    171     
321         48      0       15112   1058    170     
322         48      0       15075   1095    171     
323         48      0       15097   1073    171     
324         48      0       15071   1099    171     
325         48      0       15091   1079    170     
326         48      0       15116   1054    171     
327         48      0       15105   1065    170     
328         48      0       15073   1097    169     
329         48      0       15131   1039    170     
330         48      0       15098   1072    171     
331         48      0       15124   1046    171     
332         48      0       15135   1035    170     
333         48      0       15071   1099    169     
334         48      0       15138   1030    172     
335         48      0       15114   1056    168     
336         48      0       15063   1107    168     
337         48      0       15090   1080    169     
338         48      0       15134   1036    171     
339         48      0       15096   1074    169     
340         48      0       15133   1037    171     
341         48      0       15090   1080    169     
342         48      0       15082   1088    169     
343         48      0       15114   1056    171     
344         48      0       15142   1028    170     
345         48      0       15100   1070    169     
346         48      0       15084   1086    169     
347         48      0       15083   1087    171     
348         48      0       15089   1081    169     
349         48      0       15105   1065    170     
350         48      0       15139   1031    170     
351         48      0       15105   1065    170     
352         48      0       15141   1029    171     
353         48      0       15090   1080    169     
354         48      0       15129   1041    171     
355         48      0       15113   1057    170     
356         48      0       15110   1060    169     
357         48      0       15098   1072    170     
358         48      0       15120   1050    171     
359         48      0       15085   1085    170     
360         48      0       15080   1090    170     
361         48      0       15138   1030    172     
362         48      0       15107   1063    170     
363         48      0       15081   1089    171     
364         48      0       15100   1070    171     
365         48      0       15123   1047    170     
366         48      0       15121   1049    170     
367         48      0       15062   1108    169     
368         48      0       15067   1105    167     
369         48      0       15135   1035    170     
370         48      0       15071   1099    170     
371         48      0       15130   1040    170     
372         48      0       15125   1045    169     
373         48      0       15123   1047    170     
374         48      0       15120   1050    170     
375         48      0       15135   1035    169     
376         48      0       15094   1076    169     
377         48      0       15052   1118    169     
378         48      0       15128   1042    171     
379         48      0       15056   1114    170     
380         48      0       15059   1111    170     
381         48      0       15099   1071    168     
382         48      0       15074   1096    170     
383         48      0       15082   1088    170     
384         48      0       15080   1092    166     
385         48      0       15137   1033    169     
386         48      0       15096   1074    171     
387         48      0       15062   1108    168     
388         48      0       15056   1114    168     
389         48      0       15126   1044    168     
390         48      0       15141   1029    169     
391         48      0       15073   1099    167     
392         48      0       15054   1114    172     
393         48      0       15069   1101    169     
394         48      0       15118   1052    170     
395         48      0       15076   1094    170     
396         48      0       15136   1034    171     
397         48      0       15054   1116    168     
398         48      0       15119   1051    169     
399         48      0       15112   1058    171     
400         48      0       15098   1072    168     
401         48      0       15076   1094    169     
402         48      0       15089   1081    168     
403         48      0       15059   1111    171     
404         48      0       15137   1033    169     
405         48      0       15066   1104    168     
406         48      0       15088   1082    170     
407         48      0       15130   1040    169     
408         48      0       15094   1076    170     
409         48      0       15100   1070    170     
410         48      0       15094   1076    170     
411         48      0       15064   1106    169     
412         48      0       15098   1072    170     
413         48      0       15128   1042    170     
414         48      0       15083   1087    170     
415         48      0       15110   1060    171     
416         48      0       15095   1075    168     
417         48      0       15117   1053    169     
418         48      0       15063   1107    169     
419         48      0       15108   1062    169     
420         48      0       15125   1045    170     
421         48      0       15080   1090    169     
422         48      0       15130   1038    172     
423         48      0       15045   1123    172     
424         48      0       15057   1115    167     
425         48      0       15116   1052    172     
426         48      0       15083   1087    169     
427         48      0       15089   1081    170     
428         48      0       15131   1039    171     
429         48      0       15106   1064    170     
430         48      0       15117   1053    169     
431         48      0       15074   1096    171     
432         48      0       15113   1055    173     
433         48      0       15116   1054    171     
434         48      0       15093   1077    171     
435         48      0       15091   1079    169     
436         48      0       15066   1104    171     
437         48      0       15111   1059    168     
438         48      0       15112   1058    170     
439         48      0       15083   1087    170     
440         48      0       15055   1115    171     
441         48      0       15138   1032    170     
442         48      0       15050   1120    168     
443         48      0       15057   1115    167     
444         48      0       15066   1104    170     
445         48      0       15091   1079    170     
446         48      0       15142   1028    170     
447         48      0       15104   1066    169     
448         48      0       15136   1034    170     
449         48      0       15078   1092    168     
450         48      0       15115   1055    170     
451         48      0       15083   1087    169     
452         48      0       15115   1055    171     
453         48      0       15092   1078    171     
454         48      0       15087   1083    171     
455         48      0       15087   1083    169     
456         48      0       15139   1031    170     
457         48      0       15050   1120    169     
458         48      0       15139   1031    169     
459         48      0       15060   1110    169     
460         48      0       15078   1092    169     
461         48      0       15137   1033    171     
462         48      0       15094   1076    171     
463         48      0       15110   1060    170     
464         48      0       15112   1058    169     
465         48      0       15140   1028    172     
466         48      0       15077   1093    171     
467         48      0       15067   1103    168     
468         48      0       15093   1077    170     
469         48      0       15118   1052    170     
470         48      0       15117   1051    172     
471         48      0       15070   1100    170     
472         48      0       15097   1073    171     
473         48      0       15072   1098    171     
474         48      0       15124   1046    169     
475         48      0       15107   1063    169     
476         48      0       15106   1064    168     
477         48      0       15131   1039    171     
478         48      0       15130   1040    169     
479         48      0       15070   1100    171     
480         48      0       15073   1097    169     
481         48      0       15112   1058    170     
482         48      0       15068   1102    169     
483         48      0       15064   1106    170     
484         48      0       15121   1049    170     
485         48      0       15077   1093    169     
486         48      0       15115   1055    170     
487         48      0       15106   1064    170     
488         48      0       15135   1035    168     
489         48      0       15133   1037    171     
490         48      0       15117   1053    169     
491         48      0       15100   1070    171     
492         48      0       15107   1063    170     
493         48      0       15071   1099    170     
494         48      0       15077   1093    168     
495         48      0       15049   1123    167     
496         48      0       15078   1092    170     
497         48      0       15084   1086    169     
498         48      0       15046   1124    171     
499         48      0       15100   1070    171     
500         48      0       15111   1059    169     
501         48      0       15060   1110    170     
502         48      0       15084   1086    170     
503         48      0       15116   1054    169     
504         48      0       15121   1049    168     
505         48      0       15122   1048    170     
506         48      0       15135   1035    170     
507         48      0       15114   1056    170     
508         48      0       15055   1115    168     
509         48      0       15069   1099    172     
510         48      0       15141   1029    169     
511         48      0       15101   1069    169     
512         48      0       15126   1044    169     
513         48      0       15107   1063    168     
514         48      0       15130   1040    170     
515         48      0       15126   1044    170     
516         48      0       15100   1070    170     
517         48      0       15076   1094    170     
518         48      0       15125   1045    171     
519         48      0       15078   1092    171     
520         48      0       15123   1047    169     
521         48      0       15084   1086    170     
522         48      0       15095   1075    169     
523         48      0       15122   1048    169     
524         48      0       15105   1065    171     
525         48      0       15083   1087    169     
526         48      0       15136   1034    169     
527         48      0       15105   1063    172     
528         48      0       15073   1097    169     
529         48      0       15052   1118    169     
530         48      0       15104   1064    172     
531         48      0       15137   1033    170     
532         48      0       15138   1032    170     
533         48      0       15140   1030    171     
534         48      0       15104   1066    168     
535         48      0       15109   1061    171     
536         48      0       15045   1125    169     
537         48      0       15096   1074    169     
538         48      0       15076   1094    170     
539         48      0       15067   1103    171     
540         48      0       15108   1062    170     
541         48      0       15118   1052    169     
542         48      0       15123   1047    169     
543         48      0       15066   1104    170     
544         48      0       15128   1042    170     
545         48      0       15075   1093    172     
546         48      0       15085   1085    170     
547         48      0       15071   1099    170     
548         48      0       15110   1060    168     
549         48      0       15122   1048    168     
550         48      0       15088   1082    168     
551         48      0       15065   1105    171     
552         48      0       15074   1096    169     
553         48      0       15105   1065    170     
554         48      0       15118   1052    170     
555         48      0       15065   1107    167     
556         48      0       15120   1050    169     
557         48      0       15132   1038    169     
558         48      0       15093   1077    170     
559         48      0       15116   1054    170     
560         48      0       15143   1027    170     
561         48      0       15085   1085    171     
562         48      0       15052   1118    170     
563         48      0       15115   1055    169     
564         48      0       15101   1069    169     
565         48      0       15120   1050    171     
566         48      0       15069   1101    169     
567         48      0       15098   1072    171     
568         48      0       15143   1027    170     
569         48      0       15127   1043    171     
570         48      0       15098   1072    169     
571         48      0       15081   1089    169     
572         48      0       15117   1053    170     
573         48      0       15086   1084    169     
574         48      0       15106   1062    172     
575         48      0       15061   1109    170     
576         48      0       15075   1095    169     
577         48      0       15077   1093    170     
578         48      0       15095   1075    168     
579         48      0       15094   1076    168     
580         48      0       15098   1072    168     
581         48      0       15074   1096    171     
582         48      0       15068   1104    166     
583         48      0       15086   1084    169     
584         48      0       15055   1115    170     
585         48      0       15109   1061    170     
586         48      0       15128   1042    170     
587         48      0       15131   1037    172     
588         48      0       15128   1042    169     
589         48      0       15137   1033    169     
590         48      0       15105   1065    169     
591         48      0       15124   1046    169     
592         48      0       15115   1057    167     
593         48      0       15112   1058    171     
594         48      0       15117   1053    169     
595         48      0       15118   1050    172     
596         48      0       15083   1087    168     
597         48      0       15059   1111    169     
598         48      0       15055   1115    169     
599         48      0       15115   1055    170     
600         48      0       15056   1114    170     
601         48      0       15121   1049    169     
602         48      0       15120   1050    168     
603         48      0       15059   1111    170     
604         48      0       15092   1078    171     
605         48      0       15132   1038    169     
606         48      0       15121   1049    170     
607         48      0       15134   1036    169     
608         48      0       15070   1100    169     
609         48      0       15078   1092    171     
610         48      0       15076   1094    170     
611         48      0       15083   1087    170     
612         48      0       15126   1044    169     
613         48      0       15088   1082    170     
614         48      0       15068   1102    171     
615         48      0       15097   1073    169     
616         48      0       15085   1085    170     
617         48      0       15115   1055    171     
618         48      0       15095   1075    170     
619         48      0       15088   1082    168     
620         48      0       15092   1078    169     
621         48      0       15130   1040    168     
622         48      0       255     15997   3       
623         0       0       0       16384   0       
624         0       0       0       16384   0       
625         0       0       0       16384   0       
626         0       0       0       16384   0       
627         0       0       0       16384   0       
628         0       0       0       16384   0       
629         0       0       0       16384   0       
630         0       0       0       16384   0       
631         0       0       0       16384   0       
632         0       0       0       16384   0       
633         0       0       0       16384   0       
634         0       0       0       16384   0       
635         0       0       0       16384   0       
636         0       0       0       16384   0       
637         0       0       0       16384   0       
638         0       0       0       16384   0       
639         0       0       0       16384   0       
640         0       0       0       16384   0       
641         0       0       0       16384   0       
642         0       0       0       16384   0       
643         0       0       0       16384   0       
644         0       0       0       16384   0       
645         0       0       0       16384   0       
646         0       0       0       16384   0       
647         0       0       0       16384   0       
648         0       0       0       16384   0       
649         0       0       0       16384   0       
650         0       0       0       16384   0       
651         0       0       0       16384   0       
652         0       0       0       16384   0       
653         0       0       0       16384   0       
654         0       0       0       16384   0       
655         0       0       0       16384   0       
656         0       0       0       16384   0       
657         0       0       0       16384   0       
658         0       0       0       16384   0       
659         0       0       0       16384   0       
660         0       0       0       16384   0       
661         0       0       0       16384   0       
662         0       0       0       16384   0       
663         0       0       0       16384   0       
664         0       0       0       16384   0       
665         0       0       0       16384   0       
666         0       0       0       16384   0       
667         0       0       0       16384   0       
668         0       0       0       16384   0       
669         0       0       0       16384   0       
670         0       0       0       16384   0       
671         0       0       0       16384   0       
672         0       0       0       16384   0       
673         0       0       0       16384   0       
674         0       0       0       16384   0       
675         0       0       0       16384   0       
676         0       0       0       16384   0       
677         0       0       0       16384   0       
678         0       0       0       16384   0       
679         0       0       0       16384   0       
680         0       0       0       16384   0       
681         0       0       0       16384   0       
682         0       0       0       16384   0       
683         0       0       0       16384   0       
684         0       0       0       16384   0       
685         0       0       0       16384   0       
686         0       0       0       16384   0       
687         0       0       0       16384   0       
688         0       0       0       16384   0       
689         0       0       0       16384   0       
690         0       0       0       16384   0       
691         0       0       0       16384   0       
692         0       0       0       16384   0       
693         0       0       0       16384   0       
694         0       0       0       16384   0       
695         0       0       0       16384   0       
696         0       0       0       16384   0       
697         0       0       0       16384   0       
698         0       0       0       16384   0       
699         0       0       0       16384   0       
700         0       0       0       16384   0       
701         0       0       0       16384   0       
702         0       0       0       16384   0       
703         0       0       0       16384   0       
704         0       0       0       16384   0       
705         0       0       0       16384   0       
706         0       0       0       16384   0       
707         0       0       0       16384   0       
708         0       0       0       16384   0       
709         0       0       0       16384   0       
710         0       0       0       16384   0       
711         0       0       0       16384   0       
712         0       0       0       16384   0       
713         0       0       0       16384   0       
714         0       0       0       16384   0       
715         0       0       0       16384   0       
716         0       0       0       16384   0       
717         0       0       0       16384   0       
718         0       0       0       16384   0       
719         0       0       0       16384   0       
720         0       0       0       16384   0       
721         0       0       0       16384   0       
722         0       0       0       16384   0       
723         0       0       0       16384   0       
724         0       0       0       16384   0       
725         0       0       0       16384   0       
726         0       0       0       16384   0       
727         0       0       0       16384   0       
728         0       0       0       16384   0       
729         0       0       0       16384   0       
730         0       0       0       16384   0       
731         0       0       0       16384   0       
732         0       0       0       16384   0       
733         0       0       0       16384   0       
734         0       0       0       16384   0       
735         0       0       0       16384   0       
736         0       0       0       16384   0       
737         0       0       0       16384   0       
738         0       0       0       16384   0       
739         0       0       0       16384   0       
740         0       0       0       16384   0       
741         0       0       0       16384   0       
742         0       0       0       16384   0       
743         0       0       0       16384   0       
744         0       0       0       16384   0       
745         0       0       0       16384   0       
746         0       0       0       16384   0       
747         0       0       0       16384   0       
748         0       0       0       16384   0       
749         0       0       0       16384   0       
750         0       0       0       16384   0       
751         0       0       0       16384   0       
752         0       0       0       16384   0       
753         0       0       0       16384   0       
754         0       0       0       16384   0       
755         0       0       0       16384   0       
756         0       0       0       16384   0       
757         0       0       0       16384   0       
758         0       0       0       16384   0       
759         0       0       0       16384   0       
760         0       0       0       16384   0       
761         0       0       0       16384   0       
762         0       0       0       16384   0       
763         0       0       0       16384   0       
764         0       0       0       16384   0       
765         0       0       0       16384   0       
766         0       0       0       16384   0       
767         0       0       0       16384   0       
768         0       0       0       16384   0       
769         0       0       0       16384   0       
770         0       0       0       16384   0       
771         0       0       0       16384   0       
772         0       0       0       16384   0       
773         0       0       0       16384   0       
774         0       0       0       16384   0       
775         0       0       0       16384   0       
776         0       0       0       16384   0       
777         0       0       0       16384   0       
778         0       0       0       16384   0       
779         0       0       0       16384   0       
780         0       0       0       16384   0       
781         0       0       0       16384   0       
782         0       0       0       16384   0       
783         0       0       0       16384   0       
784         0       0       0       16384   0       
785         0       0       0       16384   0       
786         0       0       0       16384   0       
787         0       0       0       16384   0       
788         0       0       0       16384   0       
789         0       0       0       16384   0       
790         0       0       0       16384   0       
791         0       0       0       16384   0       
792         0       0       0       16384   0       
793         0       0       0       16384   0       
794         0       0       0       16384   0       
795         0       0       0       16384   0       
796         0       0       0       16384   0       
797         0       0       0       16384   0       
798         0       0       0       16384   0       
799         0       0       0       16384   0       
800         0       0       0       16384   0       
801         0       0       0       16384   0       
802         0       0       0       16384   0       
803         0       0       0       16384   0       
804         0       0       0       16384   0       
805         0       0       0       16384   0       
806         0       0       0       16384   0       
807         0       0       0       16384   0       
808         0       0       0       16384   0       
809         0       0       0       16384   0       
810         0       0       0       16384   0       
811         0       0       0       16384   0       
812         0       0       0       16384   0       
813         0       0       0       16384   0       
814         0       0       0       16384   0       
815         0       0       0       16384   0       
816         0       0       0       16384   0       
817         0       0       0       16384   0       
818         0       0       0       16384   0       
819         0       0       0       16384   0       
820         0       0       0       16384   0       
821         0       0       0       16384   0       
822         0       0       0       16384   0       
823         0       0       0       16384   0       
824         0       0       0       16384   0       
825         0       0       0       16384   0       
826         0       0       0       16384   0       
827         0       0       0       16384   0       
828         0       0       0       16384   0       
829         0       0       0       16384   0       
830         0       0       0       16384   0       
831         0       0       0       16384   0       
832         0       0       0       16384   0       
833         0       0       0       16384   0       
834         0       0       0       16384   0       
835         0       0       0       16384   0       
836         0       0       0       16384   0       
837         0       0       0       16384   0       
838         0       0       0       16384   0       
839         0       0       0       16384   0       
840         0       0       0       16384   0       
841         0       0       0       16384   0       
842         0       0       0       16384   0       
843         0       0       0       16384   0       
844         0       0       0       16384   0       
845         0       0       0       16384   0       
846         0       0       0       16384   0       
847         0       0       0       16384   0       
848         0       0       0       16384   0       
849         0       0       0       16384   0       
850         0       0       0       16384   0       
851         0       0       0       16384   0       
852         0       0       0       16384   0       
853         0       0       0       16384   0       
854         0       0       0       16384   0       
855         0       0       0       16384   0       
856         0       0       0       16384   0       
857         0       0       0       16384   0       
858         0       0       0       16384   0       
859         0       0       0       16384   0       
860         0       0       0       16384   0       
861         0       0       0       16384   0       
862         0       0       0       16384   0       
863         0       0       0       16384   0       
864         0       0       0       16384   0       
865         0       0       0       16384   0       
866         0       0       0       16384   0       
867         0       0       0       16384   0       
868         0       0       0       16384   0       
869         0       0       0       16384   0       
870         0       0       0       16384   0       
871         0       0       0       16384   0       
872         0       0       0       16384   0       
873         0       0       0       16384   0       
874         0       0       0       16384   0       
875         0       0       0       16384   0       
876         0       0       0       16384   0       
877         0       0       0       16384   0       
878         0       0       0       16384   0       
879         0       0       0       16384   0       
880         0       0       0       16384   0       
881         0       0       0       16384   0       
882         0       0       0       16384   0       
883         0       0       0       16384   0       
884         0       0       0       16384   0       
885         0       0       0       16384   0       
886         0       0       0       16384   0       
887         0       0       0       16384   0       
888         0       0       0       16384   0       
889         0       0       0       16384   0       
890         0       0       0       16384   0       
891         0       0       0       16384   0       
892         0       0       0       16384   0       
893         0       0       0       16384   0       
894         0       0       0       16384   0       
895         0       0       0       16384   0       
896         0       0       0       16384   0       
897         0       0       0       16384   0       
898         0       0       0       16384   0       
899         0       0       0       16384   0       
900         0       0       0       16384   0       
901         0       0       0       16384   0       
902         0       0       0       16384   0       
903         0       0       0       16384   0       
904         0       0       0       16384   0       
905         0       0       0       16384   0       
906         0       0       0       16384   0       
907         0       0       0       16384   0       
908         0       0       0       16384   0       
909         0       0       0       16384   0       
910         0       0       0       16384   0       
911         0       0       0       16384   0       
912         0       0       0       16384   0       
913         0       0       0       16384   0       
914         0       0       0       16384   0       
915         0       0       0       16384   0       
916         0       0       0       16384   0       
917         0       0       0       16384   0       
918         0       0       0       16384   0       
919         0       0       0       16384   0       
920         0       0       0       16384   0       
921         0       0       0       16384   0       
922         0       0       0       16384   0       
923         0       0       0       16384   0       
924         0       0       0       16384   0       
925         0       0       0       16384   0       
926         0       0       0       16384   0       
927         0       0       0       16384   0       
928         0       0       0       16384   0       
929         0       0       0       16384   0       
930         0       0       0       16384   0       
931         0       0       0       16384   0       
932         0       0       0       16384   0       
933         0       0       0       16384   0       
934         0       0       0       16384   0       
935         0       0       0       16384   0       
936         0       0       0       16384   0       
937         0       0       0       16384   0       
938         0       0       0       16384   0       
939         0       0       0       16384   0       
940         0       0       0       16384   0       
941         0       0       0       16384   0       
942         0       0       0       16384   0       
943         0       0       0       16384   0       
944         0       0       0       16384   0       
945         0       0       0       16384   0       
946         0       0       0       16384   0       
947         0       0       0       16384   0       
948         0       0       0       16384   0       
949         0       0       0       16384   0       
950         0       0       0       16384   0       
951         0       0       0       16384   0       
952         0       0       0       16384   0       
953         0       0       0       16384   0       
954         0       0       0       16384   0       
955         0       0       0       16384   0       
956         0       0       0       16384   0       
957         0       0       0       16384   0       
958         0       0       0       16384   0       
959         0       0       0       16384   0       
960         0       0       0       16384   0       
961         0       0       0       16384   0       
962         0       0       0       16384   0       
963         0       0       0       16384   0       
964         0       0       0       16384   0       
965         0       0       0       16384   0       
966         0       0       0       16384   0       
967         0       0       0       16384   0       
968         0       0       0       16384   0       
969         0       0       0       16384   0       
970         0       0       0       16384   0       
971         0       0       0       16384   0       
972         0       0       0       16384   0       
973         0       0       0       16384   0       
974         0       0       0       16384   0       
975         0       0       0       16384   0       
976         0       0       0       16384   0       
977         0       0       0       16384   0       
978         0       0       0       16384   0       
979         0       0       0       16384   0       
980         0       0       0       16384   0       
981         0       0       0       16384   0       
982         0       0       0       16384   0       
983         0       0       0       16384   0       
984         0       0       0       16384   0       
985         0       0       0       16384   0       
986         0       0       0       16384   0       
987         0       0       0       16384   0       
988         0       0       0       16384   0       
989         0       0       0       16384   0       
990         0       0       0       16384   0       
991         0       0       0       16384   0       
992         0       0       0       16384   0       
993         0       0       0       16384   0       
994         0       0       0       16384   0       
995         0       0       0       16384   0       
996         0       0       0       16384   0       
997         0       0       0       16384   0       
998         0       0       0       16384   0       
999         0       0       0       16384   0       
1000        0       0       0       16384   0       
1001        0       0       0       16384   0       
1002        0       0       0       16384   0       
1003        0       0       0       16384   0       
1004        0       0       0       16384   0       
1005        0       0       0       16384   0       
1006        0       0       0       16384   0       
1007        0       0       0       16384   0       
1008        0       0       0       16384   0       
1009        0       0       0       16384   0       
1010        0       0       0       16384   0       
1011        0       0       0       16384   0       
1012        0       0       0       16384   0       
1013        0       0       0       16384   0       
1014        0       0       0       16384   0       
1015        0       0       0       16384   0       
1016        0       0       0       16384   0       
1017        0       0       0       16384   0       
1018        0       0       0       16384   0       
1019        0       0       0       16384   0       
1020        0       0       0       16384   0       
1021        0       0       0       16384   0       
1022        0       0       0       16384   0       
1023        0       0       0       16384   0       
1024        0       0       0       16384   0       
1025        0       0       0       16384   0       
1026        0       0       0       16384   0       
1027        0       0       0       16384   0       
1028        0       0       0       16384   0       
1029        0       0       0       16384   0       
1030        0       0       0       16384   0       
1031        0       0       0       16384   0       
1032        0       0       0       16384   0       
1033        0       0       0       16384   0       
1034        0       0       0       16384   0       
1035        0       0       0       16384   0       
1036        0       0       0       16384   0       
1037        0       0       0       16384   0       
1038        0       0       0       16384   0       
1039        0       0       0       16384   0       
1040        0       0       0       16384   0       
1041        0       0       0       16384   0       
1042        0       0       0       16384   0       
1043        0       0       0       16384   0       
1044        0       0       0       16384   0       
1045        0       0       0       16384   0       
1046        0       0       0       16384   0       
1047        0       0       0       16384   0       
1048        0       0       0       16384   0       
1049        0       0       0       16384   0       
1050        0       0       0       16384   0       
1051        0       0       0       16384   0       
1052        0       0       0       16384   0       
1053        0       0       0       16384   0       
1054        0       0       0       16384   0       
1055        0       0       0       16384   0       
1056        0       0       0       16384   0       
1057        0       0       0       16384   0       
1058        0       0       0       16384   0       
1059        0       0       0       16384   0       
1060        0       0       0       16384   0       
1061        0       0       0       16384   0       
1062        0       0       0       16384   0       
1063        0       0       0       16384   0       
1064        0       0       0       16384   0       
1065        0       0       0       16384   0       
1066        0       0       0       16384   0       
1067        0       0       0       16384   0       
1068        0       0       0       16384   0       
1069        0       0       0       16384   0       
1070        0       0       0       16384   0       
1071        0       0       0       16384   0       
1072        0       0       0       16384   0       
1073        0       0       0       16384   0       
1074        0       0       0       16384   0       
1075        0       0       0       16384   0       
1076        0       0       0       16384   0       
1077        0       0       0       16384   0       
1078        0       0       0       16384   0       
1079        0       0       0       16384   0       
1080        0       0       0       16384   0       
1081        0       0       0       16384   0       
1082        0       0       0       16384   0       
1083        0       0       0       16384   0       
1084        0       0       0       16384   0       
1085        0       0       0       16384   0       
1086        0       0       0       16384   0       
1087        0       0       0       16384   0       
